010000010100000001100001001000010010000000001000
010001000010000001010011011000010110000101000001
011000110010000001100000010011010001000100000000
011000110010001100110100001000000101001100101110
010010010110000101100100001010000110100001101100
001000010000000000100000001010100001000000100101
000100000000010000010011010001000000000001101100
010001100000000100000101000010000000000101100101
011001000110000000100000001100000100111100100000
010001010100101000100000010001000000101100100000
001000000000100000100000000000000110010001100000
011010000010000000000000010000000010000001100000
000001010000010100101000001000000010011100001110
001000000011000000001000000001000001001000000100
000010100000010000001010000100000001000100100000
000000000001000000000000000000000011000000100000
001000000001000000100000001000010011000000100000
001100010011000000100000000000010001000000100000
000100010000000000010001001000000011000100000000
000000000011000000010000001000000001000000001001
000010000000000000000000001000000000000100010000
001100000001000100100001001100000010000000010000
001000010010000000110000001100000010000100110000
000000000000000000100000001100000000000100110000
001000000011000000100000001100000000000000000000
001100010011000000010001000001010000100000000000
000100010010000100000001000100000010000000100000
001100000011000000010000000100000010000000110000
001100010010000000110000000000000010000100100000
001000000001000100010001001100000000000000010000
001000000010000100100001000100000011000000110000
001000000000010100000010001000000000000000110000
001000000001000100100000001100000000000000110000
000100000001000100100000001100000011000000110000
001000000010000000000001000100010011000000100000
000100000011000000000000000000000000000000100000
000000010010000000000000000000000010000000001100
00001010