001111111000110110000110001011110011010010000000
110100111001010001010101010110000000101111110010
011100010011110001101000000010100101010101011110
100101001001100000100000001000010000111001010110
110011000110011011000010101010010001100111011110
011011011100101001101100100000110001010101001111
100100100100100011000000000001100101001100110000
110111000000001101010101100110101110000100100011
100011000100011010001011011011101101110000001000
110001011100000110011100110010001010100110010100
001111001101000001001111000111010100000000100000
110010000110110110010101011101101101110101111110
101110110110000101100000000100000000100110010100
100111000100010000100111001110011000000010100110
101111101010000100001111101110110100110100000010
000101110100010010001001100001011111101011001000
110000001001101011000100010101100111000010000110
110010111011001100000001000100001000010010000010
10011001010000100011100101011110