010000010110100000100000000000000000000000000001
011001000000000001000000001001000100010000000100
001000100000000000111001010001100110000000000000
001001010100110000100000000000000011001101001001
011000000010010100000000010000000010100000100110
011001100010000001101000010001000100000001000101
001100100010000000100000001100000010100101100000
000001010000000100001000000010000101011100100001
010001000100110000100000010000000010011000000000
011000000000110100000000000100000110111000100000
011000000010000001000100000000000110110001000101
000100000011000000000000001100000001000001100001
011000000110010100001100000000000100010101000101
001000000000010001101000000001010111001001100100
000000000000110100000000001100000000000000010000
001100000000000000110000000100000000000000010000
000100000000000100010000001100000001000000010000
000000000001000000010001001100000001000000110000
001100000010000100100000000100000001000100000001
001100000001000100100000000100000011000000001000
000000100010000000110000000100010001000000010000
001000000011000000010000000100000011000000010000
000000000001000000010001001100000010000100110000
001000000001000000110000001000000011000000110000
000100000001000000110001000100010011000000100000
000000010000000000000000000001000000001000110000
001000010011000100100000001100000010000100010001
000000000000000000000000001000010010000000010000
001000000000000000000001000100000001000000100001
001000000010000000110000000000000011000000000000
000100000010000100110001001100000000000000110001
000100000000110000001000000100000001000000000001
000100000011000100010001000000010010000000110000
001000010010000000110000000000000001000000100000
001100000010000000100001001000000000000000010000
001000000011000000000000001100000011000100010001
001100000010000000010000001100000000000000001000
00001000