000000000110000001100000000000000000000001000000
000100000000000001110000001001000010000001101001
000100000000000000101001011001010110010000100000
000000000000000001010100000000000110001000100001
001011000110000001010000001000000010100100000010
000000000000000000001001000000100111010000100001
010000000110000101000010000101000110000101000110
001000000010000000000100000000100001011100000101
011010000010100000100000011001000000000100000000
010000100010111000000000011101000000001000100000
000101000110000001000001001000000000011000100100
010110000111010000100000001000110111010001000001
001001110100010000001100000000000100011000100011
001000000111010001001000011000010101000001000101
001100100000100100001010000000000010000100000000
000100000011000100100001001100000011000000010000
000100010010000000000000001000010000000000100000
001100010001000000000000000000000010000000110000
000000010001000000010001000000000001000000110001
000000000000000100110000000000000010000000001101
000010000001000000010000001000000010000000110000
000000010000000000000001001000000001000100100000
000100000010000100010001000000010001000000110000
000100010011000000000000000100010000000000000000
000100000000000000000001001000010000000000110000
001100010000000000110000000010000000000000000000
000000000001000100110000001000000001000100000000
001100000001000000100001001100000001000000100000
001100000011000000010001001000000010000000010000
000100000010000000000000000000000001000000100000
000100000011000000010001000000000010000000010000
000100000000100000001000001000000011000000010000
000100000000000000000000000100000011000000000000
001100010010000100010001000000000001000000000000
000000000011000000010001001100010011000000000001
001100000001000000110000000000000001000000010001
001100000001000000110000000000000001000000000001
00000000