010010000001110001110100000100100101101000111011
010111100010110111011010001100101010110001000101
110101000000100000010000001101000001010010101000
000000001010001001101101000101000111100000001001
100101011001100001110011010011101001011010011010
000001010011100101010010110010001110000000101000
000001001000010000010001010100110110111001000001
001100101111111010100100010001011001010000001000
010000100010100110100110100101011000100111110000
010010101010010011000010101101100100001010100100
010100111001000011101011111000010011111000010110
101100110001000110111011000000100000001110000101
001011001000000000001011010010101100110010001011
001010101000110100110000010000101111001110001000
000100010000011000100001100101000000010111110111
101110000000000100100000110011010101110010000000
100110010101010000010101001011100001110000001000
000010101100101011111100101000110001101111001100
01110010100000011001011110010011